00100100100000000000000000000000000000000000000000
00000100100000110000000000100000000000100000000000
00000111011000000000000000010000000000110011000000
00000110001000000000000000010000000000110011000000
00110101000000000000000000000000000000000000000000
00000100100000110000000000100000000000100000010000
00000110011000000000000000010000000000110011000001
00000101111000000000000000010000000000110011000001
00001011011000000000000000100000000001000000110000
00000100100000110000000000100000000000100000100000
01001000100100001001100100000000011000000000000010
01001000100100001001100100000000011000000000000010
00000100100000001000000000000000010000110000000000
00000100100000110000000000001000000000100000000000
00000100100000100000000000010000000000000101000001
00000111001000000000000000010000000000000000000000
00010100000000000000000000000000000000000000001110
00010100010000000000000000000000000000000000001100
01011000011000001000000010000000000000000000000000
01011000011000001000000010000000000000000000000000
00000100100000101000000010000000010010110000000000
00000100100000101000000010000000010010000110000001
00000100100000001000000000000000010000000100000001
00000100000100000000000000100000000000000000110010
00000100010100000000000000100000000000000000110000
00010110010100000000000000000000000000000000001010
00000100100000100010010000000000000101000000000000
00000100100000110000000001000000000000000000000010
00010111000100100000000010000000000010000000001010
00010111010100000000000000000000000000000000001000
00000100100000001000000001000000001000000000000000
00000100100000110000000001000000000000000000000000
10000000000001000000000000000000000000000000000000
00011000010100000000000000000000000000000000001010
00001001011000100000000000010000000101011001000000
00001000000010000000000001000000000000000000000010
01001000100100001001100100000010011000000000000010
00011001010000000000000000000000000000000000001110
00000000000000000000000000000000000000000000000000
00001010000100000000000010000000000000000000000010
00001010011000100000000000010000000101011001000000
00011010010000000000000000000000000000000000001110
00001000100000100100010000000100000101000000000000
00001011001000000000001000000000000000000000000001
00011011000100000000000000000000000000000000001010
00011011010100000000000000000000000000000000001010
00000100100000001000000001000000001000000000000010
00001100000000001000000001000000001000000000000010
00001100011000100000000000010000000101011011000000
00011100010100000000000000000000000000000000001010
01000100100000100000000000010000000101011011000000
00001100100000010000100001000001100000000000000010
00000000000000000000000000000000000000000000000000
00000000000000000000000000000000000000000000000000
00000000000000000000000000000000000000000000000000
00000000000000000000000000000000000000000000000000
00000000000000000000000000000000000000000000000000
00000000000000000000000000000000000000000000000000
00000000000000000000000000000000000000000000000000
00000000000000000000000000000000000000000000000000
00000000000000000000000000000000000000000000000000
00000000000000000000000000000000000000000000000000
00000000000000000000000000000000000000000000000000
00000000000000000000000000000000000000000000000000