00100100100000000000000000000000000000000000000000000000
00000100100000110000000000000001000000000001000000000000
00001101001000000000001000000000100000000001100101000000
00001101001000000000001000000000100000000001100101000000
00110101000000000000000000000000000000000000000000000000
00000100100000110000000000000001000000000001000000010000
00001101001000000000001000000000100000000001100101000001
00001101001000000000001000000000100000000001100101000001
00001011011000000000000000000001000000000010000000110000
00000100100000110000000000000001000000000001000000100000
01001000100100001001100000001000000000110000000000000010
01001000100100001001100000001000000000110000000000000010
00000100100000001000000000000000000000100001100000000000
00000100100000110000000000000000010000000001000000000000
00000100100000100000000000000000100000000000001001000001
00001101001000000000101000000000100000000000000000000000
00010100000000000000000000000000000000000000000000001110
00010100010000000000000000000000000000000000000000001100
01011101001000001000001000000100000000000000000000000000
01011101001000001000001000000100000000000000000000000000
00000100100000101000000000000100000000100101100000000000
00000100100000101000000000000100000000100100001100000001
00000100100000001000000000000000000000100000001000000001
00000100000100000000000000000001000000000000000000110010
00000100010100000000000000000001000000000000000000110000
00010110010100000000000000000000000000000000000000001010
00000100100000100010000000100000000000001010000000000000
00000100100000110000000000000010000000000000000000000010
00010111000100100000000000000100000000000100000000001010
00010111010100000000000000000000000000000000000000001000
00000100100000001000000000000010000000010000000000000000
00000100100000110000000000000010000000000000000000000000
10000000000001000000000000000000000000000000000000000000
00011000010100000000000000000000000000000000000000001010
00001001011000100000000000000000100000001010110001000000
00001000000010000000000000000010000000000000000000000010
01001000100100001001100000001000000100110000000000000010
00011001010000000000000000000000000000000000000000001110
00001110010100000000000100000000000000000000000000000010
00001010000100000000000000000100000000000000000000000010
00001010011000100000000000000000100000001010110001000000
00011010010000000000000000000000000000000000000000001110
00001000100000100100000000100000001000001010000000000000
00001011001000000000000000010000000000000000000000000001
00011011000100000000000000000000000000000000000000001010
00011011010100000000000000000000000000000000000000001010
00000100100000001000000000000010000000010000000000000010
00001100000000001000000000000010000000010000000000000010
00001100011000100000000000000000100000001010110101000000
00011100010100000000000000000000000000000000000000001010
01000100100000100000000000000000100000001010110101000000
00001100100000010000100000000010000011000000000000000010
00001110000000000000010000000000000000000000000000000000
00011101010100000000000000000000000000000000000000001010
00001110010100000000000110000000000000000000000000000010
00001110100000000000000000000000000000000000000000000000
00001101011000000000000000000000100000000000000011000000
00011110010000000000000000000000000000000000000000001110
01011001100000000000000000000000000000000000000000000000
00000000001000000000000001000000100000000000000010000000
00000000000000000000000000000000000000000000000000000000
00000000000000000000000000000000000000000000000000000000
00000000000000000000000000000000000000000000000000000000
00000000000000000000000000000000000000000000000000000000
